8.820000e-02 8.200000e-02 9.500000e-02 1.191000e+03 3.500000e+01 3.500000e+01 1.040000e+02 1.050000e+02 1.097315e+02 1.106797e+02
9.740000e-02 9.500000e-02 1.000000e-01 1.332000e+03 3.400000e+01 3.400000e+01 1.000000e+02 1.160000e+02 1.056220e+02 1.208801e+02
1.048000e-01 1.000000e-01 1.100000e-01 1.401000e+03 3.100000e+01 3.100000e+01 9.700000e+01 1.210000e+02 1.018332e+02 1.249080e+02
1.148000e-01 1.100000e-01 1.200000e-01 1.477000e+03 3.100000e+01 3.100000e+01 9.400000e+01 1.260000e+02 9.897980e+01 1.297575e+02
1.249000e-01 1.200000e-01 1.300000e-01 1.543000e+03 2.900000e+01 2.900000e+01 9.100000e+01 1.310000e+02 9.550916e+01 1.341715e+02
1.396000e-01 1.300000e-01 1.500000e-01 1.607000e+03 2.700000e+01 2.700000e+01 8.900000e+01 1.350000e+02 9.300538e+01 1.376735e+02
1.549000e-01 1.500000e-01 1.600000e-01 1.675000e+03 2.600000e+01 2.600000e+01 8.700000e+01 1.390000e+02 9.080198e+01 1.414107e+02
1.649000e-01 1.600000e-01 1.700000e-01 1.727000e+03 2.500000e+01 2.500000e+01 8.500000e+01 1.420000e+02 8.860023e+01 1.441839e+02
1.797000e-01 1.700000e-01 1.900000e-01 1.805000e+03 2.400000e+01 2.400000e+01 8.400000e+01 1.470000e+02 8.736132e+01 1.489463e+02
1.997000e-01 1.900000e-01 2.100000e-01 1.865000e+03 2.300000e+01 2.300000e+01 8.200000e+01 1.500000e+02 8.516455e+01 1.517531e+02
2.149000e-01 2.100000e-01 2.200000e-01 1.899000e+03 2.100000e+01 2.100000e+01 8.100000e+01 1.520000e+02 8.367795e+01 1.534438e+02
2.297000e-01 2.200000e-01 2.400000e-01 1.968000e+03 2.100000e+01 2.100000e+01 8.000000e+01 1.560000e+02 8.271034e+01 1.574071e+02
2.498000e-01 2.400000e-01 2.600000e-01 2.031000e+03 2.000000e+01 2.000000e+01 7.900000e+01 1.590000e+02 8.149233e+01 1.602529e+02
2.745000e-01 2.600000e-01 2.900000e-01 2.047000e+03 1.900000e+01 1.900000e+01 7.800000e+01 1.590000e+02 8.028076e+01 1.601312e+02
2.998000e-01 2.900000e-01 3.100000e-01 2.025000e+03 1.800000e+01 1.800000e+01 7.700000e+01 1.550000e+02 7.907591e+01 1.560417e+02
3.246000e-01 3.100000e-01 3.400000e-01 2.040000e+03 1.700000e+01 1.700000e+01 7.600000e+01 1.550000e+02 7.787811e+01 1.559295e+02
3.498000e-01 3.400000e-01 3.600000e-01 2.036000e+03 1.700000e+01 1.700000e+01 7.500000e+01 1.530000e+02 7.690254e+01 1.539415e+02
3.747000e-01 3.600000e-01 3.900000e-01 2.019000e+03 1.600000e+01 1.600000e+01 7.400000e+01 1.500000e+02 7.570997e+01 1.508509e+02
4.095000e-01 3.900000e-01 4.300000e-01 1.983000e+03 1.500000e+01 1.500000e+01 7.400000e+01 1.460000e+02 7.550497e+01 1.467685e+02
4.447000e-01 4.300000e-01 4.600000e-01 1.959000e+03 1.400000e+01 1.400000e+01 7.300000e+01 1.430000e+02 7.433034e+01 1.436837e+02
4.795000e-01 4.600000e-01 5.000000e-01 1.941000e+03 1.400000e+01 1.400000e+01 7.200000e+01 1.400000e+02 7.334848e+01 1.406983e+02
5.196000e-01 5.000000e-01 5.400000e-01 1.844000e+03 1.300000e+01 1.300000e+01 7.100000e+01 1.320000e+02 7.218033e+01 1.326386e+02
5.596000e-01 5.400000e-01 5.800000e-01 1.789000e+03 1.200000e+01 1.200000e+01 7.100000e+01 1.260000e+02 7.200694e+01 1.265701e+02
5.996000e-01 5.800000e-01 6.200000e-01 1.731000e+03 1.300000e+01 1.300000e+01 7.000000e+01 1.210000e+02 7.119691e+01 1.216963e+02
6.445000e-01 6.200000e-01 6.700000e-01 1.641000e+03 1.200000e+01 1.200000e+01 6.900000e+01 1.140000e+02 7.003571e+01 1.146298e+02
6.945000e-01 6.700000e-01 7.200000e-01 1.587000e+03 1.100000e+01 1.100000e+01 6.800000e+01 1.090000e+02 6.888396e+01 1.095536e+02
7.445000e-01 7.200000e-01 7.700000e-01 1.510000e+03 1.100000e+01 1.100000e+01 6.800000e+01 1.020000e+02 6.888396e+01 1.025914e+02
7.994000e-01 7.700000e-01 8.300000e-01 1.431000e+03 1.000000e+01 1.000000e+01 6.700000e+01 9.600000e+01 6.774216e+01 9.651943e+01
8.594000e-01 8.300000e-01 8.900000e-01 1.357000e+03 9.000000e+00 9.000000e+00 6.600000e+01 9.000000e+01 6.661081e+01 9.044888e+01
9.243000e-01 8.900000e-01 9.600000e-01 1.273000e+03 9.000000e+00 9.000000e+00 6.600000e+01 8.400000e+01 6.661081e+01 8.448077e+01
9.895000e-01 9.600000e-01 1.020000e+00 1.192000e+03 8.000000e+00 8.000000e+00 6.500000e+01 7.700000e+01 6.549046e+01 7.741447e+01
1.054400e+00 1.020000e+00 1.090000e+00 1.127000e+03 7.000000e+00 7.000000e+00 6.400000e+01 7.200000e+01 6.438167e+01 7.233948e+01
1.129200e+00 1.090000e+00 1.170000e+00 1.041000e+03 7.000000e+00 7.000000e+00 6.400000e+01 6.600000e+01 6.438167e+01 6.637017e+01
1.209300e+00 1.170000e+00 1.250000e+00 9.830000e+02 6.000000e+00 6.000000e+00 6.200000e+01 6.200000e+01 6.228965e+01 6.228965e+01
1.294200e+00 1.250000e+00 1.340000e+00 9.030000e+02 6.000000e+00 6.000000e+00 5.600000e+01 5.600000e+01 5.632051e+01 5.632051e+01
1.379400e+00 1.340000e+00 1.420000e+00 8.450000e+02 6.000000e+00 6.000000e+00 5.200000e+01 5.200000e+01 5.234501e+01 5.234501e+01
1.469100e+00 1.420000e+00 1.520000e+00 7.820000e+02 5.000000e+00 5.000000e+00 4.800000e+01 4.800000e+01 4.825971e+01 4.825971e+01
1.569200e+00 1.520000e+00 1.620000e+00 7.190000e+02 5.000000e+00 5.000000e+00 4.400000e+01 4.400000e+01 4.428318e+01 4.428318e+01
1.669200e+00 1.620000e+00 1.720000e+00 6.700000e+02 4.000000e+00 4.000000e+00 4.000000e+01 4.000000e+01 4.019950e+01 4.019950e+01
1.774100e+00 1.720000e+00 1.830000e+00 6.120000e+02 4.000000e+00 4.000000e+00 3.600000e+01 3.600000e+01 3.622154e+01 3.622154e+01
1.889000e+00 1.830000e+00 1.950000e+00 5.620000e+02 4.000000e+00 4.000000e+00 3.300000e+01 3.300000e+01 3.324154e+01 3.324154e+01
2.009100e+00 1.950000e+00 2.070000e+00 5.120000e+02 4.000000e+00 4.000000e+00 3.000000e+01 3.000000e+01 3.026549e+01 3.026549e+01
2.134000e+00 2.070000e+00 2.200000e+00 4.610000e+02 3.000000e+00 3.000000e+00 2.700000e+01 2.700000e+01 2.716616e+01 2.716616e+01
2.264000e+00 2.200000e+00 2.330000e+00 4.280000e+02 3.000000e+00 3.000000e+00 2.400000e+01 2.400000e+01 2.418677e+01 2.418677e+01
2.403800e+00 2.330000e+00 2.480000e+00 3.880000e+02 3.000000e+00 3.000000e+00 2.200000e+01 2.200000e+01 2.220360e+01 2.220360e+01
2.549000e+00 2.480000e+00 2.620000e+00 3.560000e+02 3.000000e+00 3.000000e+00 2.000000e+01 2.000000e+01 2.022375e+01 2.022375e+01
2.698800e+00 2.620000e+00 2.780000e+00 3.220000e+02 2.000000e+00 2.000000e+00 1.800000e+01 1.800000e+01 1.811077e+01 1.811077e+01
2.858800e+00 2.780000e+00 2.940000e+00 2.910000e+02 2.000000e+00 2.000000e+00 1.600000e+01 1.600000e+01 1.612452e+01 1.612452e+01
3.028600e+00 2.940000e+00 3.120000e+00 2.620000e+02 2.000000e+00 2.000000e+00 1.400000e+01 1.400000e+01 1.414214e+01 1.414214e+01
3.208700e+00 3.120000e+00 3.300000e+00 2.390000e+02 2.000000e+00 2.000000e+00 1.300000e+01 1.300000e+01 1.315295e+01 1.315295e+01
3.393600e+00 3.300000e+00 3.490000e+00 2.150000e+02 2.000000e+00 2.000000e+00 1.200000e+01 1.200000e+01 1.216553e+01 1.216553e+01
3.588600e+00 3.490000e+00 3.690000e+00 1.940000e+02 2.000000e+00 2.000000e+00 1.000000e+01 1.000000e+01 1.019804e+01 1.019804e+01
3.899000e+00 3.690000e+00 4.120000e+00 1.647000e+02 9.853000e-01 9.853000e-01 8.790000e+00 8.790000e+00 8.845050e+00 8.845050e+00
4.348600e+00 4.120000e+00 4.590000e+00 1.343000e+02 8.364000e-01 8.364000e-01 7.113000e+00 7.113000e+00 7.162006e+00 7.162006e+00
4.843000e+00 4.590000e+00 5.110000e+00 1.091000e+02 7.083000e-01 7.083000e-01 5.731000e+00 5.731000e+00 5.774604e+00 5.774604e+00
5.387400e+00 5.110000e+00 5.680000e+00 8.697000e+01 5.944000e-01 5.944000e-01 4.536000e+00 4.536000e+00 4.574779e+00 4.574779e+00
5.981900e+00 5.680000e+00 6.300000e+00 6.955000e+01 4.994000e-01 4.994000e-01 3.601000e+00 3.601000e+00 3.635464e+00 3.635464e+00
6.636000e+00 6.300000e+00 6.990000e+00 5.560000e+01 4.197000e-01 4.197000e-01 2.859000e+00 2.859000e+00 2.889642e+00 2.889642e+00
7.355400e+00 6.990000e+00 7.740000e+00 4.415000e+01 3.514000e-01 3.514000e-01 2.255000e+00 2.255000e+00 2.282215e+00 2.282215e+00
8.144400e+00 7.740000e+00 8.570000e+00 3.465000e+01 2.923000e-01 2.923000e-01 1.759000e+00 1.759000e+00 1.783121e+00 1.783121e+00
9.013500e+00 8.570000e+00 9.480000e+00 2.712000e+01 2.424000e-01 2.424000e-01 1.368000e+00 1.368000e+00 1.389310e+00 1.389310e+00
9.967400e+00 9.480000e+00 1.048000e+01 2.132000e+01 2.014000e-01 2.014000e-01 1.075000e+00 1.075000e+00 1.093703e+00 1.093703e+00
1.101100e+01 1.048000e+01 1.157000e+01 1.677000e+01 1.672000e-01 1.672000e-01 8.456000e-01 8.456000e-01 8.619717e-01 8.619717e-01
1.215500e+01 1.157000e+01 1.277000e+01 1.346000e+01 1.399000e-01 1.399000e-01 6.785000e-01 6.785000e-01 6.927729e-01 6.927729e-01
1.341300e+01 1.277000e+01 1.409000e+01 1.028000e+01 1.143000e-01 1.143000e-01 5.182000e-01 5.182000e-01 5.306559e-01 5.306559e-01
1.479700e+01 1.409000e+01 1.554000e+01 7.855000e+00 9.319000e-02 9.319000e-02 3.960000e-01 3.960000e-01 4.068174e-01 4.068174e-01
1.631000e+01 1.554000e+01 1.712000e+01 6.257000e+00 7.736000e-02 7.736000e-02 3.154000e-01 3.154000e-01 3.247487e-01 3.247487e-01
1.796900e+01 1.712000e+01 1.886000e+01 4.915000e+00 6.357000e-02 6.357000e-02 2.478000e-01 2.478000e-01 2.558241e-01 2.558241e-01
1.978700e+01 1.886000e+01 2.076000e+01 3.806000e+00 5.230000e-02 5.230000e-02 1.919000e-01 1.919000e-01 1.988992e-01 1.988992e-01
2.177900e+01 2.076000e+01 2.285000e+01 2.847000e+00 4.282000e-02 4.282000e-02 1.435000e-01 1.435000e-01 1.497525e-01 1.497525e-01
2.397200e+01 2.285000e+01 2.515000e+01 2.261000e+00 3.642000e-02 3.642000e-02 1.140000e-01 1.140000e-01 1.196763e-01 1.196763e-01
2.637500e+01 2.515000e+01 2.766000e+01 1.735000e+00 3.049000e-02 3.049000e-02 8.745000e-02 8.745000e-02 9.261286e-02 9.261286e-02
2.900700e+01 2.766000e+01 3.042000e+01 1.388000e+00 2.603000e-02 2.603000e-02 6.997000e-02 6.997000e-02 7.465495e-02 7.465495e-02
3.189400e+01 3.042000e+01 3.344000e+01 1.015000e+00 2.127000e-02 2.127000e-02 5.118000e-02 5.118000e-02 5.542387e-02 5.542387e-02
3.505600e+01 3.344000e+01 3.675000e+01 8.151000e-01 1.820000e-02 1.820000e-02 4.109000e-02 4.109000e-02 4.494027e-02 4.494027e-02
3.852700e+01 3.675000e+01 4.039000e+01 6.222000e-01 1.520000e-02 1.520000e-02 3.137000e-02 3.137000e-02 3.485853e-02 3.485853e-02
4.233300e+01 4.039000e+01 4.437000e+01 4.986000e-01 1.300000e-02 1.300000e-02 2.514000e-02 2.514000e-02 2.830229e-02 2.830229e-02
4.650300e+01 4.437000e+01 4.874000e+01 3.550000e-01 1.049000e-02 1.049000e-02 1.790000e-02 1.790000e-02 2.074729e-02 2.074729e-02
