#   H  BESS-TeV(2002/08)
#   <E>  Elo  Eup   y   ystat_lo  ystat_up  ysyst_lo  ysyst_up  yerrtot_lo  yerrtot_up
1.170300e+00 1.152996e+00 1.188996e+00 2.220000e+02 6.000000e+00 6.000000e+00 1.700000e+01 1.700000e+01 1.802776e+01 1.802776e+01
1.209184e+00 1.188996e+00 1.230996e+00 2.550000e+02 5.000000e+00 5.000000e+00 1.700000e+01 1.700000e+01 1.772005e+01 1.772005e+01
1.254549e+00 1.230996e+00 1.279996e+00 2.810000e+02 5.000000e+00 5.000000e+00 1.700000e+01 1.700000e+01 1.772005e+01 1.772005e+01
1.306935e+00 1.279996e+00 1.335996e+00 3.040000e+02 5.000000e+00 5.000000e+00 1.600000e+01 1.600000e+01 1.676305e+01 1.676305e+01
1.367731e+00 1.335996e+00 1.401996e+00 3.210000e+02 5.000000e+00 5.000000e+00 1.600000e+01 1.600000e+01 1.676305e+01 1.676305e+01
1.439019e+00 1.401996e+00 1.478996e+00 3.280000e+02 4.000000e+00 4.000000e+00 1.500000e+01 1.500000e+01 1.552417e+01 1.552417e+01
1.522266e+00 1.478996e+00 1.568996e+00 3.510000e+02 4.000000e+00 4.000000e+00 1.400000e+01 1.400000e+01 1.456022e+01 1.456022e+01
1.619477e+00 1.568996e+00 1.673996e+00 3.520000e+02 4.000000e+00 4.000000e+00 1.300000e+01 1.300000e+01 1.360147e+01 1.360147e+01
1.732658e+00 1.673996e+00 1.795996e+00 3.460000e+02 4.000000e+00 4.000000e+00 1.200000e+01 1.200000e+01 1.264911e+01 1.264911e+01
1.864279e+00 1.795996e+00 1.937996e+00 3.370000e+02 3.000000e+00 3.000000e+00 1.100000e+01 1.100000e+01 1.140175e+01 1.140175e+01
2.019666e+00 1.937996e+00 2.107996e+00 3.280000e+02 3.000000e+00 3.000000e+00 1.100000e+01 1.100000e+01 1.140175e+01 1.140175e+01
2.199426e+00 2.107996e+00 2.297996e+00 3.050000e+02 3.000000e+00 3.000000e+00 1.000000e+01 1.000000e+01 1.044031e+01 1.044031e+01
2.403876e+00 2.297996e+00 2.517996e+00 2.870000e+02 3.000000e+00 3.000000e+00 9.000000e+00 9.000000e+00 9.486833e+00 9.486833e+00
2.647676e+00 2.517996e+00 2.787996e+00 2.640000e+02 2.000000e+00 2.000000e+00 8.000000e+00 8.000000e+00 8.246211e+00 8.246211e+00
2.932366e+00 2.787996e+00 3.087996e+00 2.360000e+02 2.000000e+00 2.000000e+00 7.000000e+00 7.000000e+00 7.280110e+00 7.280110e+00
3.261036e+00 3.087996e+00 3.447996e+00 2.050000e+02 2.000000e+00 2.000000e+00 6.000000e+00 6.000000e+00 6.324555e+00 6.324555e+00
3.649876e+00 3.447996e+00 3.867996e+00 1.720000e+02 1.000000e+00 1.000000e+00 5.000000e+00 5.000000e+00 5.099020e+00 5.099020e+00
4.103526e+00 3.867996e+00 4.357996e+00 1.430000e+02 1.000000e+00 1.000000e+00 4.000000e+00 4.000000e+00 4.123106e+00 4.123106e+00
4.627386e+00 4.357996e+00 4.917996e+00 1.170000e+02 1.000000e+00 1.000000e+00 3.000000e+00 3.000000e+00 3.162278e+00 3.162278e+00
5.235346e+00 4.917996e+00 5.577996e+00 9.340000e+01 9.000000e-01 9.000000e-01 2.700000e+00 2.700000e+00 2.846050e+00 2.846050e+00
5.948226e+00 5.577996e+00 6.347996e+00 7.300000e+01 7.000000e-01 7.000000e-01 2.100000e+00 2.100000e+00 2.213594e+00 2.213594e+00
6.780696e+00 6.347996e+00 7.247996e+00 5.590000e+01 6.000000e-01 6.000000e-01 1.600000e+00 1.600000e+00 1.708801e+00 1.708801e+00
7.752806e+00 7.247996e+00 8.297996e+00 4.300000e+01 5.000000e-01 5.000000e-01 1.200000e+00 1.200000e+00 1.300000e+00 1.300000e+00
8.884616e+00 8.297996e+00 9.517996e+00 3.110000e+01 4.000000e-01 4.000000e-01 9.000000e-01 9.000000e-01 9.848858e-01 9.848858e-01
1.020083e+01 9.517996e+00 1.093800e+01 2.220000e+01 3.000000e-01 3.000000e-01 6.000000e-01 6.000000e-01 6.708204e-01 6.708204e-01
1.175470e+01 1.093800e+01 1.263800e+01 1.550000e+01 1.000000e-01 1.000000e-01 5.000000e-01 5.000000e-01 5.099020e-01 5.099020e-01
1.355230e+01 1.263800e+01 1.453800e+01 1.090000e+01 1.000000e-01 1.000000e-01 4.000000e-01 4.000000e-01 4.123106e-01 4.123106e-01
1.559680e+01 1.453800e+01 1.673800e+01 7.490000e+00 4.000000e-02 4.000000e-02 2.700000e-01 2.700000e-01 2.729469e-01 2.729469e-01
1.803480e+01 1.673800e+01 1.943800e+01 5.210000e+00 3.000000e-02 3.000000e-02 1.900000e-01 1.900000e-01 1.923538e-01 1.923538e-01
2.088170e+01 1.943800e+01 2.243800e+01 3.530000e+00 3.000000e-02 3.000000e-02 1.400000e-01 1.400000e-01 1.431782e-01 1.431782e-01
2.413800e+01 2.243800e+01 2.603800e+01 2.480000e+00 2.000000e-02 2.000000e-02 1.000000e-01 1.000000e-01 1.019804e-01 1.019804e-01
2.803800e+01 2.603800e+01 3.023800e+01 1.620000e+00 1.000000e-02 1.000000e-02 6.000000e-02 6.000000e-02 6.082763e-02 6.082763e-02
3.253800e+01 3.023800e+01 3.503799e+01 1.090000e+00 1.000000e-02 1.000000e-02 4.000000e-02 4.000000e-02 4.123106e-02 4.123106e-02
3.773800e+01 3.503799e+01 4.073800e+01 7.170000e-01 8.000000e-03 8.000000e-03 3.000000e-02 3.000000e-02 3.104835e-02 3.104835e-02
4.383800e+01 4.073800e+01 4.733800e+01 4.840000e-01 6.000000e-03 6.000000e-03 2.100000e-02 2.100000e-02 2.184033e-02 2.184033e-02
5.093800e+01 4.733800e+01 5.503799e+01 3.150000e-01 5.000000e-03 5.000000e-03 1.400000e-02 1.400000e-02 1.486607e-02 1.486607e-02
5.923800e+01 5.503799e+01 6.403799e+01 2.070000e-01 3.000000e-03 3.000000e-03 9.000000e-03 9.000000e-03 9.486833e-03 9.486833e-03
6.893800e+01 6.403799e+01 7.453799e+01 1.340000e-01 3.000000e-03 3.000000e-03 6.000000e-03 6.000000e-03 6.708204e-03 6.708204e-03
8.013799e+01 7.453799e+01 8.673800e+01 9.090000e-02 1.900000e-03 1.900000e-03 4.300000e-03 4.300000e-03 4.701064e-03 4.701064e-03
9.323800e+01 8.673800e+01 1.009380e+02 5.750000e-02 1.400000e-03 1.400000e-03 2.800000e-03 2.800000e-03 3.130495e-03 3.130495e-03
1.129380e+02 1.009380e+02 1.269380e+02 3.430000e-02 1.100000e-03 1.100000e-03 1.800000e-03 1.800000e-03 2.109502e-03 2.109502e-03
1.409380e+02 1.269380e+02 1.589380e+02 1.980000e-02 7.000000e-04 7.000000e-04 1.100000e-03 1.100000e-03 1.303840e-03 1.303840e-03
1.779380e+02 1.589380e+02 2.009380e+02 1.000000e-02 5.000000e-04 5.000000e-04 6.000000e-04 6.000000e-04 7.810250e-04 7.810250e-04
2.229380e+02 2.009380e+02 2.519380e+02 5.420000e-03 3.100000e-04 3.100000e-04 3.400000e-04 3.400000e-04 4.601087e-04 4.601087e-04
2.819380e+02 2.519380e+02 3.169380e+02 2.460000e-03 1.900000e-04 1.900000e-04 1.700000e-04 1.700000e-04 2.549510e-04 2.549510e-04
3.529380e+02 3.169380e+02 3.989380e+02 1.620000e-03 1.400000e-04 1.400000e-04 1.400000e-04 1.400000e-04 1.979899e-04 1.979899e-04
4.639380e+02 3.989380e+02 5.419380e+02 7.470000e-04 6.900000e-05 6.900000e-05 7.800000e-05 7.800000e-05 1.041393e-04 1.041393e-04
