#   H  PAMELA(2006/11-2006/12)
#   <E>  Elo  Eup   y   ystat_lo  ystat_up  ysyst_lo  ysyst_up  yerrtot_lo  yerrtot_up
1.026196e+00 1.019996e+00 1.032996e+00 7.210000e+02 3.200000e+01 3.200000e+01 1.000000e+02 6.100000e+01 1.049952e+02 6.888396e+01
1.035396e+00 1.032996e+00 1.037996e+00 7.590000e+02 3.600000e+01 3.600000e+01 9.600000e+01 6.300000e+01 1.025280e+02 7.256032e+01
1.042796e+00 1.037996e+00 1.047996e+00 8.180000e+02 3.000000e+01 3.000000e+01 9.300000e+01 6.700000e+01 9.771898e+01 7.340981e+01
1.052796e+00 1.047996e+00 1.057996e+00 8.930000e+02 3.400000e+01 3.400000e+01 8.900000e+01 7.200000e+01 9.527329e+01 7.962412e+01
1.062896e+00 1.057996e+00 1.067996e+00 9.280000e+02 3.000000e+01 3.000000e+01 8.600000e+01 7.400000e+01 9.108238e+01 7.984986e+01
1.077596e+00 1.067996e+00 1.087996e+00 9.600000e+02 2.800000e+01 2.800000e+01 8.400000e+01 7.600000e+01 8.854377e+01 8.099383e+01
1.092896e+00 1.087996e+00 1.097996e+00 1.030000e+03 2.800000e+01 2.800000e+01 8.300000e+01 8.100000e+01 8.759566e+01 8.570298e+01
1.102896e+00 1.097996e+00 1.107996e+00 1.085000e+03 2.700000e+01 2.700000e+01 8.100000e+01 8.400000e+01 8.538150e+01 8.823265e+01
1.117696e+00 1.107996e+00 1.127996e+00 1.123000e+03 2.500000e+01 2.500000e+01 7.900000e+01 8.600000e+01 8.286133e+01 8.956004e+01
1.137696e+00 1.127996e+00 1.147996e+00 1.164000e+03 2.400000e+01 2.400000e+01 7.800000e+01 8.800000e+01 8.160882e+01 9.121403e+01
1.152896e+00 1.147996e+00 1.157996e+00 1.194000e+03 2.200000e+01 2.200000e+01 7.600000e+01 9.000000e+01 7.912016e+01 9.264988e+01
1.167696e+00 1.157996e+00 1.177996e+00 1.222000e+03 2.200000e+01 2.200000e+01 7.500000e+01 9.100000e+01 7.816009e+01 9.362158e+01
1.187796e+00 1.177996e+00 1.197996e+00 1.278000e+03 2.100000e+01 2.100000e+01 7.400000e+01 9.400000e+01 7.692204e+01 9.631718e+01
1.212496e+00 1.197996e+00 1.227996e+00 1.359000e+03 2.000000e+01 2.000000e+01 7.300000e+01 9.800000e+01 7.569016e+01 1.000200e+02
1.237796e+00 1.227996e+00 1.247996e+00 1.371000e+03 2.000000e+01 2.000000e+01 7.200000e+01 9.800000e+01 7.472617e+01 1.000200e+02
1.262596e+00 1.247996e+00 1.277996e+00 1.380000e+03 1.900000e+01 1.900000e+01 7.100000e+01 9.800000e+01 7.349830e+01 9.982485e+01
1.287796e+00 1.277996e+00 1.297996e+00 1.381000e+03 1.800000e+01 1.800000e+01 7.000000e+01 9.700000e+01 7.227724e+01 9.865597e+01
1.312696e+00 1.297996e+00 1.327996e+00 1.398000e+03 1.700000e+01 1.700000e+01 6.900000e+01 9.700000e+01 7.106335e+01 9.847842e+01
1.347496e+00 1.327996e+00 1.367996e+00 1.410000e+03 1.600000e+01 1.600000e+01 6.800000e+01 9.600000e+01 6.985700e+01 9.732420e+01
1.382696e+00 1.367996e+00 1.397996e+00 1.396000e+03 1.600000e+01 1.600000e+01 6.800000e+01 9.400000e+01 6.985700e+01 9.535198e+01
1.417496e+00 1.397996e+00 1.437996e+00 1.391000e+03 1.500000e+01 1.500000e+01 6.700000e+01 9.300000e+01 6.865858e+01 9.420191e+01
1.457596e+00 1.437996e+00 1.477996e+00 1.349000e+03 1.400000e+01 1.400000e+01 6.600000e+01 8.900000e+01 6.746851e+01 9.009439e+01
1.497596e+00 1.477996e+00 1.517996e+00 1.328000e+03 1.400000e+01 1.400000e+01 6.500000e+01 8.600000e+01 6.649060e+01 8.713208e+01
1.537596e+00 1.517996e+00 1.557996e+00 1.300000e+03 9.000000e+00 9.000000e+00 6.400000e+01 8.400000e+01 6.462971e+01 8.448077e+01
1.582496e+00 1.557996e+00 1.607996e+00 1.254000e+03 8.000000e+00 8.000000e+00 6.400000e+01 8.000000e+01 6.449806e+01 8.039900e+01
1.632496e+00 1.607996e+00 1.657996e+00 1.220000e+03 8.000000e+00 8.000000e+00 6.300000e+01 7.700000e+01 6.350591e+01 7.741447e+01
1.682496e+00 1.657996e+00 1.707996e+00 1.173000e+03 7.000000e+00 7.000000e+00 6.200000e+01 7.300000e+01 6.239391e+01 7.333485e+01
1.737396e+00 1.707996e+00 1.767996e+00 1.125000e+03 7.000000e+00 7.000000e+00 6.100000e+01 6.900000e+01 6.140033e+01 6.935416e+01
1.797396e+00 1.767996e+00 1.827996e+00 1.064000e+03 6.000000e+00 6.000000e+00 6.000000e+01 6.400000e+01 6.029925e+01 6.428063e+01
1.862296e+00 1.827996e+00 1.897996e+00 1.003000e+03 6.000000e+00 6.000000e+00 6.000000e+01 6.000000e+01 6.029925e+01 6.029925e+01
1.927496e+00 1.897996e+00 1.957996e+00 9.640000e+02 5.000000e+00 5.000000e+00 5.900000e+01 5.700000e+01 5.921149e+01 5.721888e+01
1.992396e+00 1.957996e+00 2.027996e+00 9.190000e+02 5.000000e+00 5.000000e+00 5.800000e+01 5.300000e+01 5.821512e+01 5.323533e+01
2.067196e+00 2.027996e+00 2.107996e+00 8.600000e+02 5.000000e+00 5.000000e+00 5.700000e+01 4.900000e+01 5.721888e+01 4.925444e+01
2.147296e+00 2.107996e+00 2.187996e+00 8.130000e+02 4.000000e+00 4.000000e+00 4.600000e+01 4.600000e+01 4.617359e+01 4.617359e+01
2.232196e+00 2.187996e+00 2.277996e+00 7.530000e+02 4.000000e+00 4.000000e+00 4.200000e+01 4.200000e+01 4.219005e+01 4.219005e+01
2.317396e+00 2.277996e+00 2.357996e+00 7.080000e+02 4.000000e+00 4.000000e+00 3.900000e+01 3.900000e+01 3.920459e+01 3.920459e+01
2.407096e+00 2.357996e+00 2.457996e+00 6.500000e+02 4.000000e+00 4.000000e+00 3.500000e+01 3.500000e+01 3.522783e+01 3.522783e+01
2.507196e+00 2.457996e+00 2.557996e+00 6.070000e+02 3.000000e+00 3.000000e+00 3.300000e+01 3.300000e+01 3.313608e+01 3.313608e+01
2.607196e+00 2.557996e+00 2.657996e+00 5.620000e+02 3.000000e+00 3.000000e+00 3.000000e+01 3.000000e+01 3.014963e+01 3.014963e+01
2.712096e+00 2.657996e+00 2.767996e+00 5.200000e+02 3.000000e+00 3.000000e+00 2.700000e+01 2.700000e+01 2.716616e+01 2.716616e+01
2.826996e+00 2.767996e+00 2.887996e+00 4.810000e+02 3.000000e+00 3.000000e+00 2.500000e+01 2.500000e+01 2.517936e+01 2.517936e+01
2.947096e+00 2.887996e+00 3.007996e+00 4.410000e+02 2.000000e+00 2.000000e+00 2.300000e+01 2.300000e+01 2.308679e+01 2.308679e+01
3.071996e+00 3.007996e+00 3.137996e+00 4.120000e+02 2.000000e+00 2.000000e+00 2.100000e+01 2.100000e+01 2.109502e+01 2.109502e+01
3.201996e+00 3.137996e+00 3.267996e+00 3.740000e+02 2.000000e+00 2.000000e+00 1.900000e+01 1.900000e+01 1.910497e+01 1.910497e+01
3.341796e+00 3.267996e+00 3.417996e+00 3.470000e+02 2.000000e+00 2.000000e+00 1.700000e+01 1.700000e+01 1.711724e+01 1.711724e+01
3.486996e+00 3.417996e+00 3.557996e+00 3.150000e+02 2.000000e+00 2.000000e+00 1.500000e+01 1.500000e+01 1.513275e+01 1.513275e+01
3.636796e+00 3.557996e+00 3.717996e+00 2.860000e+02 2.000000e+00 2.000000e+00 1.400000e+01 1.400000e+01 1.414214e+01 1.414214e+01
3.796796e+00 3.717996e+00 3.877996e+00 2.620000e+02 2.000000e+00 2.000000e+00 1.200000e+01 1.200000e+01 1.216553e+01 1.216553e+01
3.966596e+00 3.877996e+00 4.057996e+00 2.390000e+02 1.000000e+00 1.000000e+00 1.100000e+01 1.100000e+01 1.104536e+01 1.104536e+01
4.146696e+00 4.057996e+00 4.237996e+00 2.150000e+02 1.000000e+00 1.000000e+00 1.000000e+01 1.000000e+01 1.004988e+01 1.004988e+01
4.331596e+00 4.237996e+00 4.427996e+00 1.950000e+02 1.000000e+00 1.000000e+00 9.000000e+00 9.000000e+00 9.055385e+00 9.055385e+00
4.526596e+00 4.427996e+00 4.627996e+00 1.750000e+02 1.000000e+00 1.000000e+00 8.000000e+00 8.000000e+00 8.062258e+00 8.062258e+00
4.836996e+00 4.627996e+00 5.057996e+00 1.514000e+02 7.000000e-01 7.000000e-01 6.900000e+00 6.900000e+00 6.935416e+00 6.935416e+00
5.286596e+00 5.057996e+00 5.527996e+00 1.244000e+02 6.000000e-01 6.000000e-01 5.600000e+00 5.600000e+00 5.632051e+00 5.632051e+00
5.780996e+00 5.527996e+00 6.047996e+00 9.915000e+01 5.000000e-01 5.000000e-01 4.400000e+00 4.400000e+00 4.428318e+00 4.428318e+00
6.325396e+00 6.047996e+00 6.617996e+00 8.138000e+01 4.000000e-01 4.000000e-01 3.600000e+00 3.600000e+00 3.622154e+00 3.622154e+00
6.919896e+00 6.617996e+00 7.237996e+00 6.527000e+01 4.000000e-01 4.000000e-01 2.900000e+00 2.900000e+00 2.927456e+00 2.927456e+00
7.573996e+00 7.237996e+00 7.927996e+00 5.212000e+01 3.000000e-01 3.000000e-01 2.300000e+00 2.300000e+00 2.319483e+00 2.319483e+00
8.293396e+00 7.927996e+00 8.677996e+00 4.166000e+01 3.000000e-01 3.000000e-01 1.800000e+00 1.800000e+00 1.824829e+00 1.824829e+00
9.082395e+00 8.677996e+00 9.507996e+00 3.318000e+01 2.000000e-01 2.000000e-01 1.400000e+00 1.400000e+00 1.414214e+00 1.414214e+00
9.951496e+00 9.507996e+00 1.041800e+01 2.626000e+01 2.000000e-01 2.000000e-01 1.100000e+00 1.100000e+00 1.118034e+00 1.118034e+00
1.090540e+01 1.041800e+01 1.141800e+01 2.088000e+01 1.500000e-01 1.500000e-01 8.800000e-01 8.800000e-01 8.926926e-01 8.926926e-01
1.194900e+01 1.141800e+01 1.250800e+01 1.640000e+01 1.200000e-01 1.200000e-01 6.900000e-01 6.900000e-01 7.003571e-01 7.003571e-01
1.309300e+01 1.250800e+01 1.370800e+01 1.289000e+01 1.000000e-01 1.000000e-01 5.500000e-01 5.500000e-01 5.590170e-01 5.590170e-01
1.435100e+01 1.370800e+01 1.502800e+01 1.001000e+01 8.000000e-02 8.000000e-02 4.200000e-01 4.200000e-01 4.275512e-01 4.275512e-01
1.573500e+01 1.502800e+01 1.647800e+01 7.859000e+00 7.000000e-02 7.000000e-02 3.300000e-01 3.300000e-01 3.373426e-01 3.373426e-01
1.724800e+01 1.647800e+01 1.805800e+01 6.271000e+00 6.000000e-02 6.000000e-02 2.700000e-01 2.700000e-01 2.765863e-01 2.765863e-01
1.890700e+01 1.805800e+01 1.979800e+01 4.792000e+00 5.000000e-02 5.000000e-02 2.000000e-01 2.000000e-01 2.061553e-01 2.061553e-01
2.072500e+01 1.979800e+01 2.169800e+01 3.716000e+00 4.000000e-02 4.000000e-02 1.600000e-01 1.600000e-01 1.649242e-01 1.649242e-01
2.271700e+01 2.169800e+01 2.378800e+01 2.892000e+00 3.000000e-02 3.000000e-02 1.200000e-01 1.200000e-01 1.236932e-01 1.236932e-01
2.491000e+01 2.378800e+01 2.608800e+01 2.258000e+00 2.600000e-02 2.600000e-02 9.600000e-02 9.600000e-02 9.945853e-02 9.945853e-02
2.731300e+01 2.608800e+01 2.859800e+01 1.713000e+00 2.200000e-02 2.200000e-02 7.200000e-02 7.200000e-02 7.528612e-02 7.528612e-02
2.994500e+01 2.859800e+01 3.135800e+01 1.380000e+00 1.900000e-02 1.900000e-02 5.800000e-02 5.800000e-02 6.103278e-02 6.103278e-02
3.283199e+01 3.135800e+01 3.437799e+01 1.038000e+00 1.500000e-02 1.500000e-02 4.400000e-02 4.400000e-02 4.648656e-02 4.648656e-02
3.599400e+01 3.437799e+01 3.768800e+01 8.142000e-01 1.300000e-02 1.300000e-02 3.400000e-02 3.400000e-02 3.640055e-02 3.640055e-02
3.946500e+01 3.768800e+01 4.132800e+01 6.341000e-01 1.100000e-02 1.100000e-02 2.700000e-02 2.700000e-02 2.915476e-02 2.915476e-02
4.327100e+01 4.132800e+01 4.530799e+01 4.729000e-01 9.000000e-03 9.000000e-03 2.000000e-02 2.000000e-02 2.193171e-02 2.193171e-02
4.744099e+01 4.530799e+01 4.967800e+01 3.522000e-01 8.000000e-03 8.000000e-03 1.500000e-02 1.500000e-02 1.700000e-02 1.700000e-02
