#   He  BESS-PolarII(2007/12-2008/01)
#   <E>  Elo  Eup   y   ystat_lo  ystat_up  ysyst_lo  ysyst_up  yerrtot_lo  yerrtot_up
2.050000e-01 2.000000e-01 2.110000e-01 3.416000e+02 8.000000e-01 8.000000e-01 7.700000e+00 7.700000e+00 7.741447e+00 7.741447e+00
2.180000e-01 2.110000e-01 2.240000e-01 3.403000e+02 8.000000e-01 8.000000e-01 7.700000e+00 7.700000e+00 7.741447e+00 7.741447e+00
2.310000e-01 2.240000e-01 2.370000e-01 3.394000e+02 8.000000e-01 8.000000e-01 7.700000e+00 7.700000e+00 7.741447e+00 7.741447e+00
2.440000e-01 2.370000e-01 2.510000e-01 3.349000e+02 7.000000e-01 7.000000e-01 7.600000e+00 7.600000e+00 7.632169e+00 7.632169e+00
2.590000e-01 2.510000e-01 2.660000e-01 3.302000e+02 7.000000e-01 7.000000e-01 7.500000e+00 7.500000e+00 7.532596e+00 7.532596e+00
2.740000e-01 2.660000e-01 2.820000e-01 3.259000e+02 7.000000e-01 7.000000e-01 7.400000e+00 7.400000e+00 7.433034e+00 7.433034e+00
2.900000e-01 2.820000e-01 2.980000e-01 3.167000e+02 6.000000e-01 6.000000e-01 7.200000e+00 7.200000e+00 7.224957e+00 7.224957e+00
3.070000e-01 2.980000e-01 3.160000e-01 3.112000e+02 6.000000e-01 6.000000e-01 7.000000e+00 7.000000e+00 7.025667e+00 7.025667e+00
3.260000e-01 3.160000e-01 3.350000e-01 3.020000e+02 6.000000e-01 6.000000e-01 6.800000e+00 6.800000e+00 6.826419e+00 6.826419e+00
3.450000e-01 3.350000e-01 3.550000e-01 2.938000e+02 6.000000e-01 6.000000e-01 6.600000e+00 6.600000e+00 6.627217e+00 6.627217e+00
3.650000e-01 3.550000e-01 3.760000e-01 2.855000e+02 5.000000e-01 5.000000e-01 6.500000e+00 6.500000e+00 6.519202e+00 6.519202e+00
3.870000e-01 3.760000e-01 3.980000e-01 2.752000e+02 5.000000e-01 5.000000e-01 6.200000e+00 6.200000e+00 6.220129e+00 6.220129e+00
4.100000e-01 3.980000e-01 4.220000e-01 2.667000e+02 5.000000e-01 5.000000e-01 6.100000e+00 6.100000e+00 6.120457e+00 6.120457e+00
4.340000e-01 4.220000e-01 4.470000e-01 2.557000e+02 5.000000e-01 5.000000e-01 5.900000e+00 5.900000e+00 5.921149e+00 5.921149e+00
4.600000e-01 4.470000e-01 4.730000e-01 2.464000e+02 5.000000e-01 5.000000e-01 5.700000e+00 5.700000e+00 5.721888e+00 5.721888e+00
4.870000e-01 4.730000e-01 5.010000e-01 2.362000e+02 4.000000e-01 4.000000e-01 5.600000e+00 5.600000e+00 5.614268e+00 5.614268e+00
5.160000e-01 5.010000e-01 5.310000e-01 2.256000e+02 4.000000e-01 4.000000e-01 5.400000e+00 5.400000e+00 5.414795e+00 5.414795e+00
5.460000e-01 5.310000e-01 5.620000e-01 2.156000e+02 4.000000e-01 4.000000e-01 5.300000e+00 5.300000e+00 5.315073e+00 5.315073e+00
5.790000e-01 5.620000e-01 5.960000e-01 2.053000e+02 4.000000e-01 4.000000e-01 5.000000e+00 5.000000e+00 5.015974e+00 5.015974e+00
6.130000e-01 5.960000e-01 6.310000e-01 1.946000e+02 3.000000e-01 3.000000e-01 4.800000e+00 4.800000e+00 4.809366e+00 4.809366e+00
6.490000e-01 6.310000e-01 6.680000e-01 1.838000e+02 3.000000e-01 3.000000e-01 4.700000e+00 4.700000e+00 4.709565e+00 4.709565e+00
6.880000e-01 6.680000e-01 7.080000e-01 1.737000e+02 3.000000e-01 3.000000e-01 4.500000e+00 4.500000e+00 4.509989e+00 4.509989e+00
7.290000e-01 7.080000e-01 7.500000e-01 1.641000e+02 3.000000e-01 3.000000e-01 4.200000e+00 4.200000e+00 4.210701e+00 4.210701e+00
7.720000e-01 7.500000e-01 7.940000e-01 1.543000e+02 3.000000e-01 3.000000e-01 4.000000e+00 4.000000e+00 4.011234e+00 4.011234e+00
8.180000e-01 7.940000e-01 8.410000e-01 1.442000e+02 3.000000e-01 3.000000e-01 3.800000e+00 3.800000e+00 3.811824e+00 3.811824e+00
8.660000e-01 8.410000e-01 8.910000e-01 1.352000e+02 2.000000e-01 2.000000e-01 3.600000e+00 3.600000e+00 3.605551e+00 3.605551e+00
9.170000e-01 8.910000e-01 9.440000e-01 1.256000e+02 2.000000e-01 2.000000e-01 3.300000e+00 3.300000e+00 3.306055e+00 3.306055e+00
9.720000e-01 9.440000e-01 1.000000e+00 1.169000e+02 2.000000e-01 2.000000e-01 3.100000e+00 3.100000e+00 3.106445e+00 3.106445e+00
1.039000e+00 1.000000e+00 1.080000e+00 1.075000e+02 2.000000e-01 2.000000e-01 2.900000e+00 2.900000e+00 2.906888e+00 2.906888e+00
1.122000e+00 1.080000e+00 1.166000e+00 9.666000e+01 1.600000e-01 1.600000e-01 2.560000e+00 2.560000e+00 2.564995e+00 2.564995e+00
1.212000e+00 1.166000e+00 1.259000e+00 8.658000e+01 1.400000e-01 1.400000e-01 2.290000e+00 2.290000e+00 2.294275e+00 2.294275e+00
1.308000e+00 1.259000e+00 1.359000e+00 7.737000e+01 1.300000e-01 1.300000e-01 2.050000e+00 2.050000e+00 2.054118e+00 2.054118e+00
1.413000e+00 1.359000e+00 1.468000e+00 6.908000e+01 1.200000e-01 1.200000e-01 1.820000e+00 1.820000e+00 1.823952e+00 1.823952e+00
1.525000e+00 1.468000e+00 1.585000e+00 6.112000e+01 1.100000e-01 1.100000e-01 1.610000e+00 1.610000e+00 1.613753e+00 1.613753e+00
1.647000e+00 1.585000e+00 1.711000e+00 5.397000e+01 1.000000e-01 1.000000e-01 1.420000e+00 1.420000e+00 1.423517e+00 1.423517e+00
1.778000e+00 1.711000e+00 1.848000e+00 4.729000e+01 9.000000e-02 9.000000e-02 1.240000e+00 1.240000e+00 1.243262e+00 1.243262e+00
1.920000e+00 1.848000e+00 1.995000e+00 4.164000e+01 8.000000e-02 8.000000e-02 1.090000e+00 1.090000e+00 1.092932e+00 1.092932e+00
2.073000e+00 1.995000e+00 2.154000e+00 3.653000e+01 7.000000e-02 7.000000e-02 9.500000e-01 9.500000e-01 9.525755e-01 9.525755e-01
2.239000e+00 2.154000e+00 2.326000e+00 3.189000e+01 6.000000e-02 6.000000e-02 8.300000e-01 8.300000e-01 8.321658e-01 8.321658e-01
2.417000e+00 2.326000e+00 2.512000e+00 2.774000e+01 6.000000e-02 6.000000e-02 7.200000e-01 7.200000e-01 7.224957e-01 7.224957e-01
2.610000e+00 2.512000e+00 2.712000e+00 2.396000e+01 5.000000e-02 5.000000e-02 6.200000e-01 6.200000e-01 6.220129e-01 6.220129e-01
2.818000e+00 2.712000e+00 2.929000e+00 2.080000e+01 5.000000e-02 5.000000e-02 5.400000e-01 5.400000e-01 5.423099e-01 5.423099e-01
3.043000e+00 2.929000e+00 3.162000e+00 1.793000e+01 4.000000e-02 4.000000e-02 4.600000e-01 4.600000e-01 4.617359e-01 4.617359e-01
3.318000e+00 3.162000e+00 3.481000e+00 1.513000e+01 3.000000e-02 3.000000e-02 3.900000e-01 3.900000e-01 3.911521e-01 3.911521e-01
3.652000e+00 3.481000e+00 3.831000e+00 1.243000e+01 3.000000e-02 3.000000e-02 3.200000e-01 3.200000e-01 3.214032e-01 3.214032e-01
4.019000e+00 3.831000e+00 4.217000e+00 1.012000e+01 2.000000e-02 2.000000e-02 2.600000e-01 2.600000e-01 2.607681e-01 2.607681e-01
4.424000e+00 4.217000e+00 4.642000e+00 8.272000e+00 2.100000e-02 2.100000e-02 2.080000e-01 2.080000e-01 2.090574e-01 2.090574e-01
4.869000e+00 4.642000e+00 5.109000e+00 6.756000e+00 1.800000e-02 1.800000e-02 1.690000e-01 1.690000e-01 1.699559e-01 1.699559e-01
5.360000e+00 5.109000e+00 5.623000e+00 5.449000e+00 1.600000e-02 1.600000e-02 1.360000e-01 1.360000e-01 1.369379e-01 1.369379e-01
5.899000e+00 5.623000e+00 6.190000e+00 4.356000e+00 1.300000e-02 1.300000e-02 1.090000e-01 1.090000e-01 1.097725e-01 1.097725e-01
6.493000e+00 6.190000e+00 6.813000e+00 3.502000e+00 1.100000e-02 1.100000e-02 8.800000e-02 8.800000e-02 8.868484e-02 8.868484e-02
7.147000e+00 6.813000e+00 7.499000e+00 2.813000e+00 1.000000e-02 1.000000e-02 7.000000e-02 7.000000e-02 7.071068e-02 7.071068e-02
7.866000e+00 7.499000e+00 8.254000e+00 2.248000e+00 8.000000e-03 8.000000e-03 5.600000e-02 5.600000e-02 5.656854e-02 5.656854e-02
8.658000e+00 8.254000e+00 9.085000e+00 1.796000e+00 7.000000e-03 7.000000e-03 4.500000e-02 4.500000e-02 4.554119e-02 4.554119e-02
9.530000e+00 9.085000e+00 1.000000e+01 1.407000e+00 6.000000e-03 6.000000e-03 3.500000e-02 3.500000e-02 3.551056e-02 3.551056e-02
1.059000e+01 1.000000e+01 1.122000e+01 1.105000e+00 5.000000e-03 5.000000e-03 2.800000e-02 2.800000e-02 2.844293e-02 2.844293e-02
1.188000e+01 1.122000e+01 1.259000e+01 8.200000e-01 3.800000e-03 3.800000e-03 2.080000e-02 2.080000e-02 2.114427e-02 2.114427e-02
1.333000e+01 1.259000e+01 1.413000e+01 6.165000e-01 3.100000e-03 3.100000e-03 1.570000e-02 1.570000e-02 1.600312e-02 1.600312e-02
1.496000e+01 1.413000e+01 1.585000e+01 4.626000e-01 2.500000e-03 2.500000e-03 1.190000e-02 1.190000e-02 1.215977e-02 1.215977e-02
1.678000e+01 1.585000e+01 1.778000e+01 3.405000e-01 2.100000e-03 2.100000e-03 8.800000e-03 8.800000e-03 9.047099e-03 9.047099e-03
1.883000e+01 1.778000e+01 1.995000e+01 2.563000e-01 1.700000e-03 1.700000e-03 6.800000e-03 6.800000e-03 7.009280e-03 7.009280e-03
2.113000e+01 1.995000e+01 2.239000e+01 1.870000e-01 1.400000e-03 1.400000e-03 5.000000e-03 5.000000e-03 5.192302e-03 5.192302e-03
2.371000e+01 2.239000e+01 2.512000e+01 1.418000e-01 1.100000e-03 1.100000e-03 3.900000e-03 3.900000e-03 4.052160e-03 4.052160e-03
2.660000e+01 2.512000e+01 2.818000e+01 1.030000e-01 9.000000e-04 9.000000e-04 2.900000e-03 2.900000e-03 3.036445e-03 3.036445e-03
2.984000e+01 2.818000e+01 3.162000e+01 7.770000e-02 7.400000e-04 7.400000e-04 2.240000e-03 2.240000e-03 2.359068e-03 2.359068e-03
3.477000e+01 3.162000e+01 3.831000e+01 5.068000e-02 4.300000e-04 4.300000e-04 1.520000e-03 1.520000e-03 1.579652e-03 1.579652e-03
4.212000e+01 3.831000e+01 4.642000e+01 3.040000e-02 3.000000e-04 3.000000e-04 9.600000e-04 9.600000e-04 1.005783e-03 1.005783e-03
5.103000e+01 4.642000e+01 5.623000e+01 1.848000e-02 2.100000e-04 2.100000e-04 6.400000e-04 6.400000e-04 6.735726e-04 6.735726e-04
6.183000e+01 5.623000e+01 6.813000e+01 1.147000e-02 1.500000e-04 1.500000e-04 4.300000e-04 4.300000e-04 4.554119e-04 4.554119e-04
7.491000e+01 6.813000e+01 8.254000e+01 6.597000e-03 1.060000e-04 1.060000e-04 2.860000e-04 2.860000e-04 3.050115e-04 3.050115e-04
